	TN	FN	region	rangeInf	rangeSupp	VPN	confint95a	confint95b
(-1.56e+05,-1.15e+05]	398	0	intron3p	-1000000	-114861	0	0	0,009225721
(-1.15e+05,-9.2e+04]	400	0	intron3p	-114861	-92041	0	0	0,009179805
(-9.2e+04,-7.69e+04]	400	0	intron3p	-92041	-76916	0	0	0,009179805
(-7.69e+04,-6.51e+04]	407	0	intron3p	-76916	-65139	0	0	0,009022635
(-6.51e+04,-5.76e+04]	393	0	intron3p	-65139	-57645	0	0	0,009342546
(-5.76e+04,-5.05e+04]	400	0	intron3p	-57645	-50450	0	0	0,009179805
(-5.05e+04,-4.47e+04]	401	0	intron3p	-50450	-44714	0	0	0,009157017
(-4.47e+04,-3.98e+04]	400	0	intron3p	-44714	-39822	0	0	0,009179805
(-3.98e+04,-3.52e+04]	399	0	intron3p	-39822	-35240	0	0	0,009202705
(-3.52e+04,-3.19e+04]	400	0	intron3p	-35240	-31869	0	0	0,009179805
(-3.19e+04,-2.94e+04]	400	0	intron3p	-31869	-29413	0	0	0,009179805
(-2.94e+04,-2.74e+04]	401	0	intron3p	-29413	-27394	0	0	0,009157017
(-2.74e+04,-2.55e+04]	401	0	intron3p	-27394	-25541	0	0	0,009157017
(-2.55e+04,-2.38e+04]	400	0	intron3p	-25541	-23755	0	0	0,009179805
(-2.38e+04,-2.23e+04]	398	0	intron3p	-23755	-22334	0	0	0,009225721
(-2.23e+04,-2.1e+04]	400	0	intron3p	-22334	-21024	0	0	0,009179805
(-2.1e+04,-1.98e+04]	400	0	intron3p	-21024	-19770	0	0	0,009179805
(-1.98e+04,-1.86e+04]	400	0	intron3p	-19770	-18622	0	0	0,009179805
(-1.86e+04,-1.74e+04]	400	0	intron3p	-18622	-17428	0	0	0,009179805
(-1.74e+04,-1.66e+04]	400	0	intron3p	-17428	-16587	0	0	0,009179805
(-1.66e+04,-1.57e+04]	400	0	intron3p	-16587	-15706	0	0	0,009179805
(-1.57e+04,-1.5e+04]	400	1	intron3p	-15706	-14987	0,002493766	6,31E-05	0,013815429
(-1.5e+04,-1.43e+04]	400	0	intron3p	-14987	-14270	0	0	0,009179805
(-1.43e+04,-1.36e+04]	400	0	intron3p	-14270	-13595	0	0	0,009179805
(-1.36e+04,-1.29e+04]	399	0	intron3p	-13595	-12860	0	0	0,009202705
(-1.29e+04,-1.23e+04]	401	0	intron3p	-12860	-12313	0	0	0,009157017
(-1.23e+04,-1.17e+04]	399	0	intron3p	-12313	-11709	0	0	0,009202705
(-1.17e+04,-1.11e+04]	400	0	intron3p	-11709	-11109	0	0	0,009179805
(-1.11e+04,-1.06e+04]	401	0	intron3p	-11109	-10620	0	0	0,009157017
(-1.06e+04,-1.01e+04]	399	0	intron3p	-10620	-10144	0	0	0,009202705
(-1.01e+04,-9.69e+03]	401	0	intron3p	-10144	-9692	0	0	0,009157017
(-9.69e+03,-9.26e+03]	399	1	intron3p	-9692	-9263	0,0025	6,33E-05	0,01384977
(-9.26e+03,-8.83e+03]	399	0	intron3p	-9263	-8826	0	0	0,009202705
(-8.83e+03,-8.45e+03]	401	0	intron3p	-8826	-8446	0	0	0,009157017
(-8.45e+03,-8.05e+03]	399	0	intron3p	-8446	-8053	0	0	0,009202705
(-8.05e+03,-7.75e+03]	401	0	intron3p	-8053	-7748	0	0	0,009157017
(-7.75e+03,-7.41e+03]	397	2	intron3p	-7748	-7406	0,005012531	0,000607618	0,017988823
(-7.41e+03,-7.08e+03]	400	0	intron3p	-7406	-7079	0	0	0,009179805
(-7.08e+03,-6.74e+03]	407	0	intron3p	-7079	-6743	0	0	0,009022635
(-6.74e+03,-6.45e+03]	395	0	intron3p	-6743	-6450	0	0	0,009295463
(-6.45e+03,-6.17e+03]	398	0	intron3p	-6450	-6170	0	0	0,009225721
(-6.17e+03,-5.92e+03]	403	0	intron3p	-6170	-5918	0	0	0,009111781
(-5.92e+03,-5.67e+03]	397	1	intron3p	-5918	-5673	0,002512563	6,36E-05	0,013918967
(-5.67e+03,-5.41e+03]	400	0	intron3p	-5673	-5411	0	0	0,009179805
(-5.41e+03,-5.18e+03]	399	0	intron3p	-5411	-5176	0	0	0,009202705
(-5.18e+03,-4.96e+03]	400	0	intron3p	-5176	-4964	0	0	0,009179805
(-4.96e+03,-4.76e+03]	401	0	intron3p	-4964	-4760	0	0	0,009157017
(-4.76e+03,-4.55e+03]	399	0	intron3p	-4760	-4554	0	0	0,009202705
(-4.55e+03,-4.34e+03]	400	0	intron3p	-4554	-4343	0	0	0,009179805
(-4.34e+03,-4.15e+03]	400	0	intron3p	-4343	-4153	0	0	0,009179805
(-4.15e+03,-3.97e+03]	401	0	intron3p	-4153	-3974	0	0	0,009157017
(-3.97e+03,-3.83e+03]	402	0	intron3p	-3974	-3826	0	0	0,009134343
(-3.83e+03,-3.66e+03]	400	0	intron3p	-3826	-3662	0	0	0,009179805
(-3.66e+03,-3.52e+03]	399	0	intron3p	-3662	-3520	0	0	0,009202705
(-3.52e+03,-3.35e+03]	401	0	intron3p	-3520	-3349	0	0	0,009157017
(-3.35e+03,-3.2e+03]	399	0	intron3p	-3349	-3200	0	0	0,009202705
(-3.2e+03,-3.08e+03]	400	0	intron3p	-3200	-3075	0	0	0,009179805
(-3.08e+03,-2.94e+03]	399	0	intron3p	-3075	-2935	0	0	0,009202705
(-2.94e+03,-2.8e+03]	400	0	intron3p	-2935	-2805	0	0	0,009179805
(-2.8e+03,-2.68e+03]	402	0	intron3p	-2805	-2681	0	0	0,009134343
(-2.68e+03,-2.54e+03]	402	0	intron3p	-2681	-2545	0	0	0,009134343
(-2.54e+03,-2.43e+03]	394	1	intron3p	-2545	-2433	0,002531646	6,41E-05	0,01402407
(-2.43e+03,-2.32e+03]	402	0	intron3p	-2433	-2321	0	0	0,009134343
(-2.32e+03,-2.21e+03]	399	0	intron3p	-2321	-2214	0	0	0,009202705
(-2.21e+03,-2.11e+03]	405	0	intron3p	-2214	-2111	0	0	0,009066989
(-2.11e+03,-2.01e+03]	397	0	intron3p	-2111	-2012	0	0	0,009248852
(-2.01e+03,-1.93e+03]	400	0	intron3p	-2012	-1928	0	0	0,009179805
(-1.93e+03,-1.84e+03]	397	0	intron3p	-1928	-1842	0	0	0,009248852
(-1.84e+03,-1.76e+03]	401	0	intron3p	-1842	-1756	0	0	0,009157017
(-1.76e+03,-1.68e+03]	404	0	intron3p	-1756	-1679	0	0	0,00908933
(-1.68e+03,-1.6e+03]	400	0	intron3p	-1679	-1599	0	0	0,009179805
(-1.6e+03,-1.52e+03]	399	0	intron3p	-1599	-1520	0	0	0,009202705
(-1.52e+03,-1.45e+03]	399	1	intron3p	-1520	-1449	0,0025	6,33E-05	0,01384977
(-1.45e+03,-1.39e+03]	398	1	intron3p	-1449	-1392	0,002506266	6,35E-05	0,013884282
(-1.39e+03,-1.33e+03]	403	0	intron3p	-1392	-1331	0	0	0,009111781
(-1.33e+03,-1.27e+03]	395	1	intron3p	-1331	-1268	0,002525253	6,39E-05	0,01398886
(-1.27e+03,-1.21e+03]	405	0	intron3p	-1268	-1212	0	0	0,009066989
(-1.21e+03,-1.16e+03]	395	0	intron3p	-1212	-1157	0	0	0,009295463
(-1.16e+03,-1.1e+03]	398	1	intron3p	-1157	-1105	0,002506266	6,35E-05	0,013884282
(-1.1e+03,-1.06e+03]	401	0	intron3p	-1105	-1056	0	0	0,009157017
(-1.06e+03,-1e+03]	404	0	intron3p	-1056	-1005	0	0	0,00908933
(-1e+03,-952]	404	0	intron3p	-1005	-952	0	0	0,00908933
(-952,-913]	392	1	intron3p	-952	-913	0,002544529	6,44E-05	0,014095024
(-913,-867]	397	1	intron3p	-913	-867	0,002512563	6,36E-05	0,013918967
(-867,-827]	405	1	intron3p	-867	-827	0,002463054	6,24E-05	0,013646245
(-827,-786]	402	0	intron3p	-827	-786	0	0	0,009134343
(-786,-744]	399	0	intron3p	-786	-744	0	0	0,009202705
(-744,-708]	399	1	intron3p	-744	-708	0,0025	6,33E-05	0,01384977
(-708,-675]	403	0	intron3p	-708	-675	0	0	0,009111781
(-675,-640]	391	0	intron3p	-675	-640	0	0	0,009390109
(-640,-603]	404	0	intron3p	-640	-603	0	0	0,00908933
(-603,-568]	392	3	intron3p	-603	-568	0,007594937	0,001569006	0,022034107
(-568,-532]	405	0	intron3p	-568	-532	0	0	0,009066989
(-532,-500]	402	0	intron3p	-532	-500	0	0	0,009134343
(-500,-470]	392	1	intron3p	-500	-470	0,002544529	6,44E-05	0,014095024
(-470,-440]	408	0	intron3p	-470	-440	0	0	0,009000621
(-440,-411]	393	1	intron3p	-440	-411	0,002538071	6,43E-05	0,014059458
(-411,-383]	397	0	intron3p	-411	-383	0	0	0,009248852
(-383,-354]	401	0	intron3p	-383	-354	0	0	0,009157017
(-354,-328]	411	1	intron3p	-354	-328	0,002427184	6,14E-05	0,013448615
(-328,-301]	388	1	intron3p	-328	-301	0,002570694	6,51E-05	0,01423911
(-301,-274]	399	1	intron3p	-301	-274	0,0025	6,33E-05	0,01384977
(-274,-246]	415	0	intron3p	-274	-246	0	0	0,008849477
(-246,-220]	392	0	intron3p	-246	-220	0	0	0,009366267
(-220,-196]	405	0	intron3p	-220	-196	0	0	0,009066989
(-196,-172]	404	0	intron3p	-196	-172	0	0	0,00908933
(-172,-149]	392	1	intron3p	-172	-149	0,002544529	6,44E-05	0,014095024
(-149,-126]	403	1	intron3p	-149	-126	0,002475248	6,27E-05	0,013713419
(-126,-105]	389	0	intron3p	-126	-105	0	0	0,009438159
(-105,-79]	404	1	intron3p	-105	-79	0,002469136	6,25E-05	0,013679749
(-79,-57]	396	1	intron3p	-79	-57	0,002518892	6,38E-05	0,013953826
(-57,-37]	421	2	intron3p	-57	-37	0,004728132	0,000573113	0,016974485
(-37,-19]	368	6	intron3p	-37	-19	0,016042781	0,005909589	0,034589699
(-19,-2]	316	7	intron3p	-19	-1	0,021671827	0,008756553	0,044140569
(1,8]	169	18	exon3p	0	8	0,096256684	0,058050713	0,147858355
(8,15]	192	13	exon3p	8	15	0,063414634	0,034194561	0,105999806
(15,22]	182	20	exon3p	15	22	0,099009901	0,061532953	0,148767261
(22,30]	198	7	exon3p	22	30	0,034146341	0,013836793	0,069086204
(30,38]	194	7	exon3p	30	38	0,034825871	0,01411438	0,070435422
(38,51]	201	9	exon3p	38	51	0,042857143	0,019781482	0,079794691
(51,67.6]	159	16	exon3p	51	68	0,091428571	0,053165662	0,144227477
(67.6,99]	187	14	exon3p	68	99	0,069651741	0,03859988	0,114103104
(99,201]	194	5	exon3p	99	201	0,025125628	0,008207451	0,057657806
(201,388]	196	4	exon3p	201	388	0,02	0,005475566	0,050413609
(388,626]	199	1	exon3p	388	626	0,005	0,000126581	0,027541898
(626,953]	202	0	exon3p	626	953	0	0	0,018096044
(953,1.41e+03]	199	0	exon3p	953	1412	0	0	0,018366328
(1.41e+03,2.02e+03]	200	0	exon3p	1412	2024	0	0	0,01827534
(2.02e+03,3.28e+03]	199	0	exon3p	2024	3285	0	0	0,018366328
(3.28e+03,8.78e+03]	200	0	exon3p	3285	8775	0	0	0,01827534
(8.78e+03,9.25e+03]	3	0	exon3p	8775	100000	0	0	0,707598226
(-1.94e+03,-218]	194	5	exon5p	-100000	-218	0,025125628	0,008207451	0,057657806
(-218,-113]	194	7	exon5p	-218	-113	0,034825871	0,01411438	0,070435422
(-113,-78]	197	7	exon5p	-113	-78	0,034313725	0,013905161	0,069418641
(-78,-60]	186	10	exon5p	-78	-60	0,051020408	0,02473421	0,091824853
(-60,-47]	198	9	exon5p	-60	-47	0,043478261	0,020070932	0,080928243
(-47,-36]	188	10	exon5p	-47	-36	0,050505051	0,024481634	0,090917318
(-36,-26]	194	16	exon5p	-36	-26	0,076190476	0,044174958	0,120780983
(-26,-18]	177	15	exon5p	-26	-18	0,078125	0,044384219	0,125581535
(-18,-11]	181	16	exon5p	-18	-11	0,081218274	0,047135505	0,128543372
(-11,-4]	188	10	exon5p	-11	-4	0,050505051	0,024481634	0,090917318
(-4,-1]	38	4	exon5p	-4	-1	0,095238095	0,02656357	0,226224872
(2,23]	401	2	intron5p	1	23	0,004962779	0,000601582	0,017811431
(23,41]	395	1	intron5p	23	41	0,002525253	6,39E-05	0,01398886
(41,59]	403	1	intron5p	41	59	0,002475248	6,27E-05	0,013713419
(59,80]	398	0	intron5p	59	80	0	0	0,009225721
(80,102]	405	0	intron5p	80	102	0	0	0,009066989
(102,124]	391	1	intron5p	102	124	0,00255102	6,46E-05	0,014130772
(124,146]	402	1	intron5p	124	146	0,00248139	6,28E-05	0,013747254
(146,170]	398	0	intron5p	146	170	0	0	0,009225721
(170,191]	413	0	intron5p	170	191	0	0	0,00889214
(191,212]	390	0	intron5p	191	212	0	0	0,009414073
(212,235]	403	1	intron5p	212	235	0,002475248	6,27E-05	0,013713419
(235,263]	402	0	intron5p	235	263	0	0	0,009134343
(263,291]	397	0	intron5p	263	291	0	0	0,009248852
(291,319]	400	0	intron5p	291	319	0	0	0,009179805
(319,348]	402	0	intron5p	319	348	0	0	0,009134343
(348,378]	402	0	intron5p	348	378	0	0	0,009134343
(378,410]	405	0	intron5p	378	410	0	0	0,009066989
(410,438]	397	0	intron5p	410	438	0	0	0,009248852
(438,467]	398	1	intron5p	438	467	0,002506266	6,35E-05	0,013884282
(467,497]	400	1	intron5p	467	497	0,002493766	6,31E-05	0,013815429
(497,531]	388	0	intron5p	497	531	0	0	0,009462369
(531,565]	402	2	intron5p	531	565	0,004950495	0,000600091	0,017767629
(565,599]	399	1	intron5p	565	599	0,0025	6,33E-05	0,01384977
(599,635]	405	0	intron5p	599	635	0	0	0,009066989
(635,672]	390	0	intron5p	635	672	0	0	0,009414073
(672,712]	405	0	intron5p	672	712	0	0	0,009066989
(712,749]	398	0	intron5p	712	749	0	0	0,009225721
(749,790]	403	1	intron5p	749	790	0,002475248	6,27E-05	0,013713419
(790,829]	402	1	intron5p	790	829	0,00248139	6,28E-05	0,013747254
(829,869]	393	0	intron5p	829	869	0	0	0,009342546
(869,914]	402	0	intron5p	869	914	0	0	0,009134343
(914,959]	397	1	intron5p	914	959	0,002512563	6,36E-05	0,013918967
(959,1e+03]	401	1	intron5p	959	1004	0,002487562	6,30E-05	0,013781257
(1e+03,1.06e+03]	401	0	intron5p	1004	1058	0	0	0,009157017
(1.06e+03,1.11e+03]	397	0	intron5p	1058	1109	0	0	0,009248852
(1.11e+03,1.16e+03]	401	0	intron5p	1109	1157	0	0	0,009157017
(1.16e+03,1.21e+03]	400	0	intron5p	1157	1212	0	0	0,009179805
(1.21e+03,1.27e+03]	396	0	intron5p	1212	1271	0	0	0,009272099
(1.27e+03,1.33e+03]	402	0	intron5p	1271	1327	0	0	0,009134343
(1.33e+03,1.38e+03]	401	0	intron5p	1327	1384	0	0	0,009157017
(1.38e+03,1.45e+03]	402	0	intron5p	1384	1449	0	0	0,009134343
(1.45e+03,1.52e+03]	402	0	intron5p	1449	1515	0	0	0,009134343
(1.52e+03,1.58e+03]	393	1	intron5p	1515	1582	0,002538071	6,43E-05	0,014059458
(1.58e+03,1.66e+03]	409	1	intron5p	1582	1657	0,002439024	6,17E-05	0,013513853
(1.66e+03,1.74e+03]	389	0	intron5p	1657	1737	0	0	0,009438159
(1.74e+03,1.82e+03]	400	0	intron5p	1737	1821	0	0	0,009179805
(1.82e+03,1.91e+03]	405	0	intron5p	1821	1909	0	0	0,009066989
(1.91e+03,2e+03]	396	0	intron5p	1909	2004	0	0	0,009272099
(2e+03,2.1e+03]	398	1	intron5p	2004	2099	0,002506266	6,35E-05	0,013884282
(2.1e+03,2.19e+03]	402	0	intron5p	2099	2187	0	0	0,009134343
(2.19e+03,2.3e+03]	398	0	intron5p	2187	2296	0	0	0,009225721
(2.3e+03,2.4e+03]	401	0	intron5p	2296	2404	0	0	0,009157017
(2.4e+03,2.52e+03]	401	0	intron5p	2404	2515	0	0	0,009157017
(2.52e+03,2.63e+03]	400	0	intron5p	2515	2630	0	0	0,009179805
(2.63e+03,2.75e+03]	404	2	intron5p	2630	2752	0,004926108	0,000597132	0,017680667
(2.75e+03,2.88e+03]	396	0	intron5p	2752	2881	0	0	0,009272099
(2.88e+03,3e+03]	399	0	intron5p	2881	3003	0	0	0,009202705
(3e+03,3.13e+03]	397	0	intron5p	3003	3133	0	0	0,009248852
(3.13e+03,3.26e+03]	401	0	intron5p	3133	3255	0	0	0,009157017
(3.26e+03,3.39e+03]	399	0	intron5p	3255	3392	0	0	0,009202705
(3.39e+03,3.56e+03]	400	0	intron5p	3392	3560	0	0	0,009179805
(3.56e+03,3.72e+03]	405	0	intron5p	3560	3716	0	0	0,009066989
(3.72e+03,3.88e+03]	396	0	intron5p	3716	3880	0	0	0,009272099
(3.88e+03,4.08e+03]	402	0	intron5p	3880	4081	0	0	0,009134343
(4.08e+03,4.25e+03]	397	1	intron5p	4081	4246	0,002512563	6,36E-05	0,013918967
(4.25e+03,4.47e+03]	399	0	intron5p	4246	4467	0	0	0,009202705
(4.47e+03,4.66e+03]	403	0	intron5p	4467	4661	0	0	0,009111781
(4.66e+03,4.88e+03]	398	0	intron5p	4661	4883	0	0	0,009225721
(4.88e+03,5.08e+03]	400	0	intron5p	4883	5083	0	0	0,009179805
(5.08e+03,5.31e+03]	402	0	intron5p	5083	5312	0	0	0,009134343
(5.31e+03,5.58e+03]	400	0	intron5p	5312	5577	0	0	0,009179805
(5.58e+03,5.83e+03]	397	0	intron5p	5577	5831	0	0	0,009248852
(5.83e+03,6.09e+03]	404	0	intron5p	5831	6087	0	0	0,00908933
(6.09e+03,6.37e+03]	398	0	intron5p	6087	6371	0	0	0,009225721
(6.37e+03,6.68e+03]	398	0	intron5p	6371	6679	0	0	0,009225721
(6.68e+03,6.98e+03]	401	0	intron5p	6679	6985	0	0	0,009157017
(6.98e+03,7.31e+03]	401	0	intron5p	6985	7311	0	0	0,009157017
(7.31e+03,7.65e+03]	398	0	intron5p	7311	7655	0	0	0,009225721
(7.65e+03,8.04e+03]	401	0	intron5p	7655	8044	0	0	0,009157017
(8.04e+03,8.4e+03]	402	0	intron5p	8044	8402	0	0	0,009134343
(8.4e+03,8.74e+03]	397	0	intron5p	8402	8739	0	0	0,009248852
(8.74e+03,9.2e+03]	400	1	intron5p	8739	9201	0,002493766	6,31E-05	0,013815429
(9.2e+03,9.63e+03]	399	0	intron5p	9201	9632	0	0	0,009202705
(9.63e+03,1.01e+04]	400	0	intron5p	9632	10052	0	0	0,009179805
(1.01e+04,1.05e+04]	400	0	intron5p	10052	10544	0	0	0,009179805
(1.05e+04,1.1e+04]	401	0	intron5p	10544	11047	0	0	0,009157017
(1.1e+04,1.16e+04]	401	0	intron5p	11047	11648	0	0	0,009157017
(1.16e+04,1.22e+04]	400	0	intron5p	11648	12227	0	0	0,009179805
(1.22e+04,1.29e+04]	399	0	intron5p	12227	12913	0	0	0,009202705
(1.29e+04,1.35e+04]	399	0	intron5p	12913	13546	0	0	0,009202705
(1.35e+04,1.43e+04]	400	0	intron5p	13546	14302	0	0	0,009179805
(1.43e+04,1.51e+04]	400	0	intron5p	14302	15069	0	0	0,009179805
(1.51e+04,1.59e+04]	402	0	intron5p	15069	15851	0	0	0,009134343
(1.59e+04,1.68e+04]	398	0	intron5p	15851	16757	0	0	0,009225721
(1.68e+04,1.77e+04]	400	0	intron5p	16757	17698	0	0	0,009179805
(1.77e+04,1.87e+04]	400	0	intron5p	17698	18744	0	0	0,009179805
(1.87e+04,2e+04]	400	0	intron5p	18744	20044	0	0	0,009179805
(2e+04,2.13e+04]	400	0	intron5p	20044	21324	0	0	0,009179805
(2.13e+04,2.29e+04]	400	0	intron5p	21324	22884	0	0	0,009179805
(2.29e+04,2.48e+04]	400	0	intron5p	22884	24759	0	0	0,009179805
(2.48e+04,2.65e+04]	400	0	intron5p	24759	26470	0	0	0,009179805
(2.65e+04,2.85e+04]	400	0	intron5p	26470	28497	0	0	0,009179805
(2.85e+04,3.08e+04]	401	0	intron5p	28497	30798	0	0	0,009157017
(3.08e+04,3.36e+04]	399	0	intron5p	30798	33594	0	0	0,009202705
(3.36e+04,3.67e+04]	400	0	intron5p	33594	36712	0	0	0,009179805
(3.67e+04,4.05e+04]	399	1	intron5p	36712	40466	0,0025	6,33E-05	0,01384977
(4.05e+04,4.52e+04]	400	0	intron5p	40466	45159	0	0	0,009179805
(4.52e+04,5.02e+04]	400	0	intron5p	45159	50231	0	0	0,009179805
(5.02e+04,5.62e+04]	400	0	intron5p	50231	56186	0	0	0,009179805
(5.62e+04,6.56e+04]	400	0	intron5p	56186	65554	0	0	0,009179805
(6.56e+04,7.68e+04]	400	0	intron5p	65554	76781	0	0	0,009179805
(7.68e+04,8.88e+04]	400	0	intron5p	76781	88766	0	0	0,009179805
(8.88e+04,1.07e+05]	400	0	intron5p	88766	107452	0	0	0,009179805
(1.07e+05,1.35e+05]	400	0	intron5p	107452	135446	0	0	0,009179805
(1.35e+05,1.56e+05]	177	0	intron5p	135446	1000000	0	0	0,020625451
